{"data":[{"coloraxis":"coloraxis","name":"0","texttemplate":"%{z:.2f}","x":["amusement","anger","awe","contentment","disgust","excitement","fear","sadness"],"y":["Impressionism","Realism","Romanticism","Post_Impressionism","Expressionism","Baroque","Symbolism","Art_Nouveau_Modern","Northern_Renaissance","Abstract_Expressionism","Rococo","Cubism","Naive_Art_Primitivism","Color_Field_Painting","Pop_Art","Early_Renaissance","Minimalism","Mannerism_Late_Renaissance","High_Renaissance","Ukiyo_e","Fauvism","Pointillism","Contemporary_Realism","New_Realism","Synthetic_Cubism","Analytical_Cubism","Action_painting"],"z":[[0.012287104622871046,0.046228710462287104,0.026155717761557177,0.0948905109489051,0.11934306569343066,0.023722627737226276,0.19659367396593674,0.4807785888077859],[0.013078773301262779,0.06163559831629585,0.030366806975345762,0.08689116055321708,0.11680697534576068,0.023150932050511126,0.22053517739025857,0.44753457606734814],[0.01749204906860518,0.056338028169014086,0.05497501135847342,0.10063607451158564,0.08427987278509769,0.03452975920036347,0.2866878691503862,0.3650613357564743],[0.012201195219123506,0.052788844621513946,0.0249003984063745,0.08939243027888447,0.1508964143426295,0.021165338645418325,0.2061752988047809,0.4424800796812749],[0.026106073097004672,0.059082165430063206,0.03489969771915361,0.09150865622423743,0.1670788678208299,0.033250893102500685,0.254465512503435,0.3336081341027755],[0.027507547802750755,0.07312982220731298,0.04662864810466286,0.10164374371016438,0.13384770211338476,0.032539416303253944,0.22609862462260985,0.35860449513586046],[0.015503875968992248,0.04612403100775194,0.05465116279069768,0.06589147286821706,0.10232558139534884,0.030232558139534883,0.35387596899224805,0.3313953488372093],[0.03111111111111111,0.06828282828282828,0.033535353535353536,0.08444444444444445,0.16404040404040404,0.03313131313131313,0.26666666666666666,0.3187878787878788],[0.01831262262916939,0.08306082406801832,0.05559189012426422,0.1066056245912361,0.13342053629823414,0.02419882275997384,0.2406801831262263,0.3381294964028777],[0.01098146877144818,0.11393273850377487,0.02196293754289636,0.04049416609471517,0.32944406314344543,0.027453671928620454,0.26286890871654084,0.1928620452985587],[0.025623268698060944,0.06371191135734072,0.04224376731301939,0.14265927977839335,0.1461218836565097,0.0332409972299169,0.2077562326869806,0.3386426592797784],[0.013492063492063493,0.0992063492063492,0.014285714285714285,0.05396825396825397,0.25,0.01904761904761905,0.28095238095238095,0.26904761904761904],[0.02800658978583196,0.07990115321252059,0.036243822075782535,0.08072487644151564,0.19769357495881384,0.029654036243822075,0.29654036243822074,0.25123558484349257],[0.014577259475218658,0.15257531584062195,0.0184645286686103,0.10301263362487852,0.3022351797862002,0.047619047619047616,0.1360544217687075,0.22546161321671526],[0.020214030915576695,0.10107015457788347,0.01070154577883472,0.06302021403091558,0.2794292508917955,0.030915576694411414,0.26516052318668254,0.2294887039239001],[0.011406844106463879,0.07858048162230671,0.057034220532319393,0.10899873257287707,0.08111533586818757,0.022813688212927757,0.2217997465145754,0.41825095057034223],[0.01171875,0.13151041666666666,0.02734375,0.061197916666666664,0.2760416666666667,0.026041666666666668,0.18359375,0.2825520833333333],[0.009126466753585397,0.09256844850065189,0.054758800521512385,0.0847457627118644,0.12646675358539766,0.027379400260756193,0.3011734028683181,0.30378096479791394],[0.021080368906455864,0.06851119894598155,0.06060606060606061,0.0922266139657444,0.13175230566534915,0.03689064558629776,0.22397891963109354,0.36495388669301715],[0.018867924528301886,0.1262699564586357,0.020319303338171262,0.06386066763425254,0.1262699564586357,0.02177068214804064,0.36284470246734396,0.2597968069666183],[0.019011406844106463,0.07604562737642585,0.013307984790874524,0.0817490494296578,0.22813688212927757,0.024714828897338403,0.2262357414448669,0.33079847908745247],[0.009009009009009009,0.06606606606606606,0.012012012012012012,0.07507507507507508,0.15915915915915915,0.012012012012012012,0.21921921921921922,0.44744744744744747],[0.04421768707482993,0.04081632653061224,0.027210884353741496,0.10884353741496598,0.14965986394557823,0.023809523809523808,0.24149659863945577,0.36394557823129253],[0.023809523809523808,0.07738095238095238,0.023809523809523808,0.08333333333333333,0.09523809523809523,0.03571428571428571,0.23214285714285715,0.42857142857142855],[0.008130081300813009,0.13821138211382114,0.024390243902439025,0.032520325203252036,0.2601626016260163,0.04065040650406504,0.15447154471544716,0.34146341463414637],[0.04838709677419355,0.03225806451612903,0.03225806451612903,0.03225806451612903,0.12903225806451613,0.06451612903225806,0.3387096774193548,0.3225806451612903],[0.05128205128205128,0.07692307692307693,0.0,0.07692307692307693,0.28205128205128205,0.10256410256410256,0.28205128205128205,0.1282051282051282]],"type":"heatmap","xaxis":"x","yaxis":"y","hovertemplate":"Emotion: %{x}\u003cbr\u003eArt Style: %{y}\u003cbr\u003eProportion: %{z}\u003cextra\u003e\u003c\u002fextra\u003e"}],"layout":{"template":{"data":{"barpolar":[{"marker":{"line":{"color":"white","width":0.5},"pattern":{"fillmode":"overlay","size":10,"solidity":0.2}},"type":"barpolar"}],"bar":[{"error_x":{"color":"#2a3f5f"},"error_y":{"color":"#2a3f5f"},"marker":{"line":{"color":"white","width":0.5},"pattern":{"fillmode":"overlay","size":10,"solidity":0.2}},"type":"bar"}],"carpet":[{"aaxis":{"endlinecolor":"#2a3f5f","gridcolor":"#C8D4E3","linecolor":"#C8D4E3","minorgridcolor":"#C8D4E3","startlinecolor":"#2a3f5f"},"baxis":{"endlinecolor":"#2a3f5f","gridcolor":"#C8D4E3","linecolor":"#C8D4E3","minorgridcolor":"#C8D4E3","startlinecolor":"#2a3f5f"},"type":"carpet"}],"choropleth":[{"colorbar":{"outlinewidth":0,"ticks":""},"type":"choropleth"}],"contourcarpet":[{"colorbar":{"outlinewidth":0,"ticks":""},"type":"contourcarpet"}],"contour":[{"colorbar":{"outlinewidth":0,"ticks":""},"colorscale":[[0.0,"#0d0887"],[0.1111111111111111,"#46039f"],[0.2222222222222222,"#7201a8"],[0.3333333333333333,"#9c179e"],[0.4444444444444444,"#bd3786"],[0.5555555555555556,"#d8576b"],[0.6666666666666666,"#ed7953"],[0.7777777777777778,"#fb9f3a"],[0.8888888888888888,"#fdca26"],[1.0,"#f0f921"]],"type":"contour"}],"heatmapgl":[{"colorbar":{"outlinewidth":0,"ticks":""},"colorscale":[[0.0,"#0d0887"],[0.1111111111111111,"#46039f"],[0.2222222222222222,"#7201a8"],[0.3333333333333333,"#9c179e"],[0.4444444444444444,"#bd3786"],[0.5555555555555556,"#d8576b"],[0.6666666666666666,"#ed7953"],[0.7777777777777778,"#fb9f3a"],[0.8888888888888888,"#fdca26"],[1.0,"#f0f921"]],"type":"heatmapgl"}],"heatmap":[{"colorbar":{"outlinewidth":0,"ticks":""},"colorscale":[[0.0,"#0d0887"],[0.1111111111111111,"#46039f"],[0.2222222222222222,"#7201a8"],[0.3333333333333333,"#9c179e"],[0.4444444444444444,"#bd3786"],[0.5555555555555556,"#d8576b"],[0.6666666666666666,"#ed7953"],[0.7777777777777778,"#fb9f3a"],[0.8888888888888888,"#fdca26"],[1.0,"#f0f921"]],"type":"heatmap"}],"histogram2dcontour":[{"colorbar":{"outlinewidth":0,"ticks":""},"colorscale":[[0.0,"#0d0887"],[0.1111111111111111,"#46039f"],[0.2222222222222222,"#7201a8"],[0.3333333333333333,"#9c179e"],[0.4444444444444444,"#bd3786"],[0.5555555555555556,"#d8576b"],[0.6666666666666666,"#ed7953"],[0.7777777777777778,"#fb9f3a"],[0.8888888888888888,"#fdca26"],[1.0,"#f0f921"]],"type":"histogram2dcontour"}],"histogram2d":[{"colorbar":{"outlinewidth":0,"ticks":""},"colorscale":[[0.0,"#0d0887"],[0.1111111111111111,"#46039f"],[0.2222222222222222,"#7201a8"],[0.3333333333333333,"#9c179e"],[0.4444444444444444,"#bd3786"],[0.5555555555555556,"#d8576b"],[0.6666666666666666,"#ed7953"],[0.7777777777777778,"#fb9f3a"],[0.8888888888888888,"#fdca26"],[1.0,"#f0f921"]],"type":"histogram2d"}],"histogram":[{"marker":{"pattern":{"fillmode":"overlay","size":10,"solidity":0.2}},"type":"histogram"}],"mesh3d":[{"colorbar":{"outlinewidth":0,"ticks":""},"type":"mesh3d"}],"parcoords":[{"line":{"colorbar":{"outlinewidth":0,"ticks":""}},"type":"parcoords"}],"pie":[{"automargin":true,"type":"pie"}],"scatter3d":[{"line":{"colorbar":{"outlinewidth":0,"ticks":""}},"marker":{"colorbar":{"outlinewidth":0,"ticks":""}},"type":"scatter3d"}],"scattercarpet":[{"marker":{"colorbar":{"outlinewidth":0,"ticks":""}},"type":"scattercarpet"}],"scattergeo":[{"marker":{"colorbar":{"outlinewidth":0,"ticks":""}},"type":"scattergeo"}],"scattergl":[{"marker":{"colorbar":{"outlinewidth":0,"ticks":""}},"type":"scattergl"}],"scattermapbox":[{"marker":{"colorbar":{"outlinewidth":0,"ticks":""}},"type":"scattermapbox"}],"scatterpolargl":[{"marker":{"colorbar":{"outlinewidth":0,"ticks":""}},"type":"scatterpolargl"}],"scatterpolar":[{"marker":{"colorbar":{"outlinewidth":0,"ticks":""}},"type":"scatterpolar"}],"scatter":[{"fillpattern":{"fillmode":"overlay","size":10,"solidity":0.2},"type":"scatter"}],"scatterternary":[{"marker":{"colorbar":{"outlinewidth":0,"ticks":""}},"type":"scatterternary"}],"surface":[{"colorbar":{"outlinewidth":0,"ticks":""},"colorscale":[[0.0,"#0d0887"],[0.1111111111111111,"#46039f"],[0.2222222222222222,"#7201a8"],[0.3333333333333333,"#9c179e"],[0.4444444444444444,"#bd3786"],[0.5555555555555556,"#d8576b"],[0.6666666666666666,"#ed7953"],[0.7777777777777778,"#fb9f3a"],[0.8888888888888888,"#fdca26"],[1.0,"#f0f921"]],"type":"surface"}],"table":[{"cells":{"fill":{"color":"#EBF0F8"},"line":{"color":"white"}},"header":{"fill":{"color":"#C8D4E3"},"line":{"color":"white"}},"type":"table"}]},"layout":{"annotationdefaults":{"arrowcolor":"#2a3f5f","arrowhead":0,"arrowwidth":1},"autotypenumbers":"strict","coloraxis":{"colorbar":{"outlinewidth":0,"ticks":""}},"colorscale":{"diverging":[[0,"#8e0152"],[0.1,"#c51b7d"],[0.2,"#de77ae"],[0.3,"#f1b6da"],[0.4,"#fde0ef"],[0.5,"#f7f7f7"],[0.6,"#e6f5d0"],[0.7,"#b8e186"],[0.8,"#7fbc41"],[0.9,"#4d9221"],[1,"#276419"]],"sequential":[[0.0,"#0d0887"],[0.1111111111111111,"#46039f"],[0.2222222222222222,"#7201a8"],[0.3333333333333333,"#9c179e"],[0.4444444444444444,"#bd3786"],[0.5555555555555556,"#d8576b"],[0.6666666666666666,"#ed7953"],[0.7777777777777778,"#fb9f3a"],[0.8888888888888888,"#fdca26"],[1.0,"#f0f921"]],"sequentialminus":[[0.0,"#0d0887"],[0.1111111111111111,"#46039f"],[0.2222222222222222,"#7201a8"],[0.3333333333333333,"#9c179e"],[0.4444444444444444,"#bd3786"],[0.5555555555555556,"#d8576b"],[0.6666666666666666,"#ed7953"],[0.7777777777777778,"#fb9f3a"],[0.8888888888888888,"#fdca26"],[1.0,"#f0f921"]]},"colorway":["#636efa","#EF553B","#00cc96","#ab63fa","#FFA15A","#19d3f3","#FF6692","#B6E880","#FF97FF","#FECB52"],"font":{"color":"#2a3f5f"},"geo":{"bgcolor":"white","lakecolor":"white","landcolor":"white","showlakes":true,"showland":true,"subunitcolor":"#C8D4E3"},"hoverlabel":{"align":"left"},"hovermode":"closest","mapbox":{"style":"light"},"paper_bgcolor":"white","plot_bgcolor":"white","polar":{"angularaxis":{"gridcolor":"#EBF0F8","linecolor":"#EBF0F8","ticks":""},"bgcolor":"white","radialaxis":{"gridcolor":"#EBF0F8","linecolor":"#EBF0F8","ticks":""}},"scene":{"xaxis":{"backgroundcolor":"white","gridcolor":"#DFE8F3","gridwidth":2,"linecolor":"#EBF0F8","showbackground":true,"ticks":"","zerolinecolor":"#EBF0F8"},"yaxis":{"backgroundcolor":"white","gridcolor":"#DFE8F3","gridwidth":2,"linecolor":"#EBF0F8","showbackground":true,"ticks":"","zerolinecolor":"#EBF0F8"},"zaxis":{"backgroundcolor":"white","gridcolor":"#DFE8F3","gridwidth":2,"linecolor":"#EBF0F8","showbackground":true,"ticks":"","zerolinecolor":"#EBF0F8"}},"shapedefaults":{"line":{"color":"#2a3f5f"}},"ternary":{"aaxis":{"gridcolor":"#DFE8F3","linecolor":"#A2B1C6","ticks":""},"baxis":{"gridcolor":"#DFE8F3","linecolor":"#A2B1C6","ticks":""},"bgcolor":"white","caxis":{"gridcolor":"#DFE8F3","linecolor":"#A2B1C6","ticks":""}},"title":{"x":0.05},"xaxis":{"automargin":true,"gridcolor":"#EBF0F8","linecolor":"#EBF0F8","ticks":"","title":{"standoff":15},"zerolinecolor":"#EBF0F8","zerolinewidth":2},"yaxis":{"automargin":true,"gridcolor":"#EBF0F8","linecolor":"#EBF0F8","ticks":"","title":{"standoff":15},"zerolinecolor":"#EBF0F8","zerolinewidth":2}}},"xaxis":{"anchor":"y","domain":[0.0,1.0],"title":{"text":"Emotion"}},"yaxis":{"anchor":"x","domain":[0.0,1.0],"autorange":"reversed","title":{"text":"Art Style"}},"coloraxis":{"colorbar":{"title":{"text":"Proportion"}},"colorscale":[[0.0,"#0d0887"],[0.1111111111111111,"#46039f"],[0.2222222222222222,"#7201a8"],[0.3333333333333333,"#9c179e"],[0.4444444444444444,"#bd3786"],[0.5555555555555556,"#d8576b"],[0.6666666666666666,"#ed7953"],[0.7777777777777778,"#fb9f3a"],[0.8888888888888888,"#fdca26"],[1.0,"#f0f921"]]},"title":{"text":"Normalized Emotion Distribution Across Art Styles"},"height":700}}